
%題目給的
m = 1200;
v0=20;
Rw = 0.001*(17*25.4+215*0.55*2)/2;
force_scaling = 2000;
torque_scaling = 2000;
C = 0.55;
Re = 0.01;
slip=(0:.05:1.0);
mu =[0 .4 .8 .97 1.0 .98 .96 .94 .92 .9 .88 .855 .83 .81 .79 .77 .75 .73 .72 .71 .7];
g=9.81;
PBmax=15;
I =5;
%防呆
D = 0.7;%D改這
C = 2.45;
B =4;
E=0.95;
%mode切換
ABS_on =1;
ABS_off=0;
ABS_mode = ABS_off;




